787 1515.55 1021.38
787 1515.72 1021.63
787 1516.77 1020.94
787 1517.5 1020.74
787 1518.44 1020.31
787 1518.83 1020.7
787 1518.98 1021.02
787 1519.43 1020.8
787 1519.81 1020.88
787 1520.33 1020.63
787 1520.94 1020.42
787 1521.51 1020.49
787 1521.67 1021.14
787 1521.58 1022.27
787 1521.44 1022.73
787 1521.49 1022.79
787 1521.55 1023.14
787 1521.35 1023.85
787 1521.09 1024.23
787 1520.64 1026.49
787 1520.72 1026.87
787 1520.76 1027.21
787 1520.55 1027.99
787 1520.43 1028.41
787 1520.64 1028.55
787 1520.58 1029.26
787 1520.49 1029.73
787 1520.28 1030.51
787 1519.67 1031.89
787 1518.88 1032.99
787 1518.11 1033.95
787 1518.7 1033.84
787 1519.73 1034.04
787 1520 1034.5
787 1520.35 1034.77
787 1520.31 1035.36
787 1520.26 1035.77
787 1520.25 1036.18
787 1520.31 1036.57
787 1520.21 1037.21
787 1520.26 1037.48
787 1520.24 1038.04
787 1520.22 1038.45
787 1520.09 1039.06
787 1519.94 1039.62
787 1519.78 1040.06
787 1519.67 1040.39
787 1519.51 1040.94
787 1519.27 1041.55
787 1519.05 1042.02
787 1518.79 1042.57
787 1518.6 1042.97
787 1518.44 1043.42
787 1518.36 1043.8
787 1518.19 1044.33
787 1518.1 1044.7
787 1518.19 1044.98
787 1518.28 1045.28
787 1518.33 1045.7
787 1518.36 1046.09
787 1518.42 1046.48
787 1518.45 1046.91
787 1518.41 1047.41
787 1518.38 1047.85
787 1518.33 1048.34
787 1518.43 1048.65
787 1518.47 1049.14
787 1518.35 1049.65
787 1518.27 1050.06
787 1518.16 1050.52
787 1517.93 1050.96
787 1517.65 1051.45
787 1517.61 1051.89
787 1517.63 1052.3
787 1517.59 1052.76
787 1517.45 1053.24
787 1517.32 1053.67
787 1517.13 1054.14
787 1516.61 1054.66
787 1516.19 1055.1
787 1515.62 1055.57
787 1515.01 1056.02
787 1514.4 1056.45
787 1513.87 1056.79
787 1513.48 1057.14
787 1513.15 1057.5
787 1513 1057.92
787 1512.74 1058.32
787 1512.47 1058.7
787 1512.31 1059.1
787 1512.18 1059.5
787 1511.84 1059.89
787 1511.38 1060.23
787 1510.97 1060.58
787 1510.6 1060.92
787 1510.22 1061.26
787 1510.01 1061.63
787 1509.89 1062.01
787 1509.73 1062.4
787 1509.44 1062.76
787 1509.08 1063.06
787 1508.83 1063.42
787 1508.34 1063.73
787 1508.03 1064.15
787 1507.65 1064.46
787 1507.2 1064.75
787 1506.77 1065.07
787 1506.4 1065.39
787 1505.99 1065.71
787 1505.54 1065.99
787 1505.08 1066.3
787 1504.75 1066.68
787 1504.42 1067.02
787 1503.97 1067.27
787 1503.54 1067.53
787 1503.08 1067.83
787 1502.62 1068.13
787 1502.19 1068.4
787 1501.8 1068.68
787 1501.45 1068.98
787 1501.13 1069.33
787 1500.76 1069.64
787 1500.36 1069.9
787 1499.93 1070.16
787 1499.41 1070.39
787 1498.91 1070.64
787 1498.38 1070.89
787 1497.85 1071.12
787 1497.27 1071.29
787 1496.69 1071.52
787 1496.11 1071.77
787 1495.55 1072.01
787 1495.11 1072.31