5340.246000 1519.042715 1016.511404
5340.379000 1519.042715 1016.511407
5340.445000 1519.043166 1016.515454
5340.511000 1519.043167 1016.515471
5340.578000 1519.043167 1016.515473
5340.645000 1519.045587 1016.547903
5340.711000 1519.062155 1016.852055
5340.778000 1519.076702 1017.244689
5340.844000 1519.092531 1017.532810
5340.911000 1519.105169 1017.759191
5340.978000 1519.116694 1017.963189
5341.044000 1519.130416 1018.205262
5341.110000 1519.155831 1018.674217
5341.243000 1519.203120 1019.649030
5341.310000 1519.211493 1020.498187
5341.376000 1519.207124 1021.254079
5341.443000 1519.202760 1021.949108
5341.509000 1519.218078 1022.572567
5341.576000 1519.222055 1023.254525
5341.909000 1519.236110 1024.125536
5341.976000 1519.217975 1024.786813
5342.042000 1519.203108 1025.368637
5342.108000 1519.187993 1025.942645
5342.174000 1519.172022 1026.542325
5342.241000 1519.167398 1027.118515
5342.308000 1519.162895 1027.675899
5342.374000 1519.157616 1028.258186
5342.441000 1519.146183 1028.999613
5342.507000 1519.122025 1029.914010
5342.574000 1519.078984 1031.011634
5342.641000 1519.024116 1032.144125
5342.906000 1519.015934 1033.121454
5343.039000 1519.014850 1033.731135
5343.106000 1519.015185 1034.101045
5343.172000 1519.015836 1034.510114
5343.239000 1519.016116 1034.956216
5343.306000 1519.016399 1035.395694
5343.372000 1519.016801 1035.818473
5343.438000 1519.010436 1036.221315
5343.504000 1519.003728 1036.627753
5343.571000 1518.990016 1037.039248
5343.638000 1518.968288 1037.464358
5343.704000 1518.946516 1037.888729
5343.771000 1518.921837 1038.356415
5343.837000 1518.894472 1038.860039
5343.904000 1518.857775 1039.372141
5343.971000 1518.824742 1039.838845
5344.037000 1518.793231 1040.283168
5344.103000 1518.757394 1040.776098
5344.169000 1518.717246 1041.317652
5344.236000 1518.666108 1041.874504
5344.303000 1518.617275 1042.408517
5344.369000 1518.563343 1042.909620
5344.436000 1518.514414 1043.370129
5344.502000 1518.466503 1043.821065
5344.569000 1518.412587 1044.261157
5344.636000 1518.362779 1044.672984
5344.702000 1518.319668 1045.034416
5344.768000 1518.278344 1045.382509
5344.834000 1518.230266 1045.736313
5344.901000 1518.181307 1046.097167
5344.968000 1518.130973 1046.468179
5345.034000 1518.076745 1046.866245
5345.101000 1518.010081 1047.299157
5345.167000 1517.934602 1047.738203
5345.234000 1517.852845 1048.171337
5345.301000 1517.764656 1048.597923
5345.367000 1517.670125 1049.017499
5345.433000 1517.577218 1049.429755
5345.499000 1517.476673 1049.841676
5345.566000 1517.366399 1050.260262
5345.633000 1517.246236 1050.685370
5345.699000 1517.116768 1051.116146
5345.766000 1516.979392 1051.546802
5345.832000 1516.835269 1051.972770
5345.899000 1516.674245 1052.399324
5345.966000 1516.504839 1052.825170
5346.032000 1516.325140 1053.254339
5346.099000 1516.125267 1053.706850
5346.165000 1515.913092 1054.185732
5346.232000 1515.668898 1054.687276
5346.299000 1515.400369 1055.211067
5346.365000 1515.122454 1055.748303
5346.431000 1514.833939 1056.281867
5346.497000 1514.560953 1056.787206
5346.564000 1514.295482 1057.260806
5346.631000 1514.014625 1057.709322
5346.697000 1513.732516 1058.144010
5346.764000 1513.454283 1058.573566
5346.830000 1513.183065 1058.993230
5346.897000 1512.906979 1059.406061
5346.964000 1512.636200 1059.825738
5347.030000 1512.364354 1060.246497
5347.096000 1512.084128 1060.664267
5347.162000 1511.800513 1061.071737
5347.229000 1511.519182 1061.475601
5347.296000 1511.235817 1061.868572
5347.362000 1510.951757 1062.249210
5347.429000 1510.652441 1062.623239
5347.495000 1510.336024 1062.991851
5347.562000 1510.006793 1063.362019
5347.629000 1509.677011 1063.732671
5347.695000 1509.332047 1064.094201
5347.761000 1508.983225 1064.459969
5347.827000 1508.622468 1064.825535
5347.894000 1508.256157 1065.196273
5347.961000 1507.896019 1065.560317
5348.027000 1507.540635 1065.919450
5348.094000 1507.173838 1066.277662
5348.160000 1506.797553 1066.632737
5348.227000 1506.414678 1066.993783
5348.294000 1506.025660 1067.348828
5348.360000 1505.640720 1067.700233
5348.426000 1505.248283 1068.046210
5348.492000 1504.849405 1068.385842
5348.559000 1504.444335 1068.718377
5348.626000 1504.026034 1069.050352
5348.692000 1503.603035 1069.374644
5348.759000 1503.173929 1069.692248
5348.825000 1502.745788 1069.998165
5348.892000 1502.313988 1070.295962
5348.959000 1501.878861 1070.585264
5349.025000 1501.444726 1070.863298
5349.091000 1501.007986 1071.132509
5349.157000 1500.570391 1071.391185
5349.224000 1500.121108 1071.646565
5349.291000 1499.660993 1071.897846
5349.357000 1499.195265 1072.142000
5349.424000 1498.722694 1072.378923
5349.490000 1498.245738 1072.607463
5349.557000 1497.743008 1072.817716
5349.624000 1497.229894 1073.022078
5349.690000 1496.717721 1073.206800
