5340246 787 1515.54714 1021.38190 89.00000 1.29821 1.88919 1.32383 -0.00000 0.000
5340379 787 1515.72289 1021.62686 85.00000 3.76742 -6.14238 5.18653 -9.00000 0.000
5340445 787 1516.77061 1020.94244 82.00000 3.52302 -7.64971 6.09882 -9.00000 0.000
5340511 787 1517.49944 1020.73623 83.00000 3.35047 -7.12402 6.57651 -9.00000 0.000
5340578 787 1518.44267 1020.30763 84.00000 2.06619 -7.10116 6.18378 -9.00000 0.000
5340645 787 1518.82501 1020.70087 84.00000 1.89429 -5.17799 5.18956 -7.76627 0.000
5340711 787 1518.97934 1021.02429 85.00000 1.86205 2.08165 4.09974 -1.38550 0.000
5340778 787 1519.43312 1020.79601 86.00000 1.52043 3.58443 3.04258 5.66344 0.000
5340844 787 1519.80870 1020.88318 85.00000 1.52793 0.83552 2.24226 9.00000 0.000
5340911 787 1520.32856 1020.63276 85.00000 1.08423 0.01534 1.75051 9.00000 0.000
5340978 787 1520.94285 1020.41871 85.00000 0.58637 -0.29178 1.19266 8.13996 0.000
5341044 787 1521.51488 1020.49481 85.00000 0.45947 -0.30387 0.63591 4.69576 0.000
5341110 787 1521.67311 1021.13999 85.00000 1.15802 2.74386 0.44714 3.61403 0.000
5341243 787 1521.57705 1022.26536 85.00000 2.58088 11.01246 0.96856 9.00000 0.000
5341310 787 1521.44010 1022.73312 87.00000 3.16776 10.18224 1.72349 9.00000 0.000
5341376 787 1521.48838 1022.79225 88.00000 3.07812 9.08930 2.33471 9.00000 0.000
5341443 787 1521.54540 1023.14016 88.00000 3.57014 8.36074 2.72161 8.86019 0.000
5341509 787 1521.34984 1023.85328 86.00000 4.67504 6.78908 3.17006 5.52201 0.000
5341576 787 1521.08601 1024.22751 87.00000 5.13607 7.44751 3.64912 2.28025 0.000
5341909 787 1520.64318 1026.48854 87.00000 5.49665 7.02790 0.00000 -0.00000 0.000
5341976 787 1520.71963 1026.87466 89.00000 5.51907 7.15315 0.01887 0.57798 0.000
5342042 787 1520.76165 1027.21451 89.00000 5.16188 6.67282 -0.16096 0.12193 0.000
5342108 787 1520.54575 1027.99186 89.00000 5.44799 6.91338 -0.21193 -0.22543 0.000
5342174 787 1520.43050 1028.41436 89.00000 5.26943 7.98602 -0.23510 0.56005 0.000
5342241 787 1520.63898 1028.55300 88.00000 4.77856 7.37341 -0.42534 0.74583 0.000
5342308 787 1520.57747 1029.25836 88.00000 5.04820 6.92460 -0.54810 0.58483 0.000
5342374 787 1520.48709 1029.72893 88.00000 4.97797 6.94804 -0.54934 0.63593 0.000
5342441 787 1520.27995 1030.50700 88.00000 5.44989 10.01813 -0.55727 1.64537 0.000
5342507 787 1519.66977 1031.88881 88.00000 6.69337 12.83404 -0.10381 3.93545 0.000
5342574 787 1518.87893 1032.98896 88.00000 8.26415 16.38708 0.91873 8.50200 0.000
5342641 787 1518.10907 1033.94514 88.00000 10.33972 17.15490 2.35367 9.00000 0.000
5342906 787 1518.69628 1033.83584 88.00000 7.53572 7.77273 0.00000 -0.00000 0.000
5343039 787 1519.72958 1034.03558 88.00000 4.56530 2.25708 -4.80150 -9.00000 0.000
5343106 787 1520.00378 1034.49925 88.00000 3.49025 3.36999 -6.36623 -9.00000 0.000
5343172 787 1520.35242 1034.76902 88.00000 2.54766 5.96278 -7.63719 -8.78043 0.000
5343239 787 1520.31299 1035.36305 88.00000 2.72278 6.71058 -8.27720 -7.13755 0.000
5343306 787 1520.25701 1035.77257 88.00000 2.61035 6.41404 -8.41264 -3.62459 0.000
5343372 787 1520.24979 1036.18188 88.00000 2.43955 6.24383 -8.15308 -0.37650 0.000
5343438 787 1520.31233 1036.57338 89.00000 2.41886 5.70937 -7.59374 0.82207 0.000
5343504 787 1520.20571 1037.21106 89.00000 2.64582 5.92293 -6.82215 0.37315 0.000
5343571 787 1520.25817 1037.48398 90.00000 2.36271 5.81940 -6.25476 -0.18273 0.000
5343638 787 1520.23510 1038.04419 91.00000 2.45460 6.11995 -5.71069 -0.31265 0.000
5343704 787 1520.21663 1038.45125 91.00000 2.39399 5.85393 -5.17726 -0.35169 0.000
5343771 787 1520.09030 1039.05868 91.00000 2.64349 6.75786 -4.67025 0.09893 0.000
5343837 787 1519.93965 1039.62118 91.00000 2.85868 7.56465 -4.15041 0.98603 0.000
5343904 787 1519.77986 1040.05531 92.00000 2.94807 7.71861 -3.56657 1.91194 0.000
5343971 787 1519.67034 1040.38641 92.00000 2.86734 6.56666 -3.05058 2.08433 0.000
5344037 787 1519.51347 1040.93816 92.00000 3.07411 6.03380 -2.57431 1.88246 0.000
5344103 787 1519.27072 1041.54691 92.00000 3.37530 7.25383 -2.11996 1.29262 0.000
5344169 787 1519.05495 1042.01576 92.00000 3.41757 8.24878 -1.73744 1.37044 0.000
5344236 787 1518.78978 1042.56903 93.00000 3.61143 8.33557 -1.35826 1.75157 0.000
5344303 787 1518.59616 1042.97267 93.00000 3.52183 7.84707 -1.00850 2.42741 0.000
5344369 787 1518.44347 1043.41634 94.00000 3.44928 7.41986 -0.79823 2.94375 0.000
5344436 787 1518.35552 1043.79801 94.00000 3.20911 6.49211 -0.76230 1.89305 0.000
5344502 787 1518.19169 1044.33358 94.00000 3.29173 6.68408 -0.77038 0.37899 0.000
5344569 787 1518.09722 1044.69918 95.00000 2.97211 6.53378 -0.86003 -0.71632 0.000
5344636 787 1518.18622 1044.98206 95.00000 2.41057 6.23816 -1.09606 -1.48815 0.000
5344702 787 1518.28039 1045.28162 95.00000 2.00815 5.23390 -1.39839 -2.24709 0.000
5344768 787 1518.33096 1045.70252 95.00000 1.84283 5.18336 -1.70002 -2.77633 0.000
5344834 787 1518.35913 1046.08564 96.00000 1.65894 5.38262 -2.04515 -3.08918 0.000
5344901 787 1518.42196 1046.47743 96.00000 1.39567 5.45154 -2.28974 -3.14793 0.000
5344968 787 1518.45091 1046.91180 96.00000 1.25847 5.55368 -2.40149 -2.95964 0.000
5345034 787 1518.41182 1047.40507 96.00000 1.29591 6.12963 -2.38219 -1.87766 0.000
5345101 787 1518.38027 1047.85272 97.00000 1.19705 6.82601 -2.33119 -0.58858 0.000
5345167 787 1518.33071 1048.33777 98.00000 1.24253 6.88817 -2.21978 0.46550 0.000
5345234 787 1518.43481 1048.65127 99.00000 0.70963 6.71724 -2.17230 1.19221 0.000
5345301 787 1518.46902 1049.13864 100.00000 0.73574 6.60599 -2.14543 1.63063 0.000
5345367 787 1518.35059 1049.65043 101.00000 1.04609 6.53518 -2.04290 1.42469 0.000
5345433 787 1518.27404 1050.05765 101.00000 0.94784 6.39853 -1.89541 0.89302 0.000
5345499 787 1518.16177 1050.51881 102.00000 1.16294 6.35394 -1.72070 0.41112 0.000
5345566 787 1517.93015 1050.96290 103.00000 1.51882 6.32184 -1.31211 0.10199 0.000
5345633 787 1517.64950 1051.45316 104.00000 1.76384 6.36769 -0.86550 -0.05027 0.000
5345699 787 1517.60769 1051.88680 105.00000 1.37499 6.73055 -0.65864 0.06535 0.000
5345766 787 1517.63116 1052.30358 106.00000 1.10004 6.72382 -0.53708 0.27675 0.000
5345832 787 1517.58852 1052.76469 107.00000 1.14099 6.67506 -0.53603 0.44231 0.000
5345899 787 1517.44873 1053.23964 109.00000 1.27104 6.63671 -0.62137 0.54337 0.000
5345966 787 1517.32449 1053.67372 110.00000 1.33042 6.57190 -0.67132 0.49512 0.000
5346032 787 1517.13340 1054.13641 111.00000 1.55536 6.56134 -0.54543 0.28580 0.000
5346099 787 1516.61051 1054.66496 112.00000 2.47402 6.65294 -0.11715 0.17973 0.000
5346165 787 1516.19201 1055.09743 112.00000 2.74935 7.14866 0.39002 0.41463 0.000
5346232 787 1515.61747 1055.56643 114.00000 3.45545 7.19923 1.00148 0.70235 0.000
5346299 787 1515.01151 1056.02213 115.00000 4.69377 7.12779 1.89071 0.94350 0.000
5346365 787 1514.39785 1056.45234 115.00000 5.84510 7.00992 2.93189 1.05557 0.000
5346431 787 1513.86997 1056.79119 116.00000 6.43930 6.80895 3.88101 0.86410 0.000
5346497 787 1513.47766 1057.13651 116.00000 6.22368 6.18110 4.59868 0.22128 0.000
5346564 787 1513.14959 1057.49897 117.00000 5.69315 5.60598 4.82239 -0.76119 0.000
5346631 787 1513.00227 1057.91861 120.00000 4.89300 5.69349 4.38324 -1.52558 0.000
5346697 787 1512.74081 1058.31632 121.00000 4.58412 5.78632 3.48326 -2.00041 0.000
5346764 787 1512.47090 1058.70143 121.00000 4.24687 5.88305 2.49323 -2.18355 0.000
5346830 787 1512.30524 1059.09836 121.00000 3.87679 5.98833 1.53070 -1.78982 0.000
5346897 787 1512.17700 1059.50137 122.00000 3.44485 6.07881 0.76562 -1.17900 0.000
5346964 787 1511.83580 1059.88636 121.00000 3.69263 6.13016 0.31005 -0.69642 0.000
5347030 787 1511.37993 1060.22502 121.00000 4.02841 6.10019 0.08616 -0.37018 0.000
5347096 787 1510.96528 1060.58365 122.00000 4.17004 6.08293 0.10124 -0.18241 0.000
5347162 787 1510.59562 1060.91593 123.00000 4.22333 5.80368 0.23090 -0.20804 0.000
5347229 787 1510.22498 1061.26068 123.00000 4.29881 5.62136 0.46580 -0.45644 0.000
5347296 787 1510.01313 1061.63399 124.00000 4.03453 5.62811 0.50900 -0.69067 0.000
5347362 787 1509.89018 1062.00735 125.00000 3.71325 5.68030 0.35884 -0.82998 0.000
5347429 787 1509.73223 1062.40008 127.00000 3.54484 5.75999 0.13962 -0.88051 0.000
5347495 787 1509.43973 1062.75995 129.00000 3.75548 5.79277 -0.05407 -0.67666 0.000
5347562 787 1509.08127 1063.06282 130.00000 3.95660 5.73498 -0.13991 -0.46531 0.000
5347629 787 1508.82524 1063.41669 130.00000 3.90681 5.72527 -0.14844 -0.31942 0.000
5347695 787 1508.34053 1063.72689 132.00000 4.36027 5.47239 0.04836 -0.32861 0.000
5347761 787 1508.02977 1064.14588 132.00000 4.25150 5.73049 0.27651 -0.32361 0.000
5347827 787 1507.65299 1064.46461 133.00000 4.43620 5.74288 0.43249 -0.28778 0.000
5347894 787 1507.20255 1064.75342 133.00000 4.69225 5.66264 0.63649 -0.27237 0.000
5347961 787 1506.77404 1065.07223 133.00000 4.79989 5.22467 0.83297 -0.41604 0.000
5348027 787 1506.40326 1065.39258 133.00000 4.85696 5.12675 0.90320 -0.60215 0.000
5348094 787 1505.99060 1065.71101 134.00000 4.97102 5.13837 1.03299 -0.87069 0.000
5348160 787 1505.53915 1065.99475 135.00000 5.16214 5.13809 1.13779 -1.08143 0.000
5348227 787 1505.08173 1066.30404 135.00000 5.31043 5.16072 1.19282 -1.18013 0.000
5348294 787 1504.74890 1066.68175 136.00000 5.20014 5.26181 1.20581 -0.92025 0.000
5348360 787 1504.42013 1067.02204 136.00000 5.15641 5.29240 1.16430 -0.63489 0.000
5348426 787 1503.96836 1067.27196 137.00000 5.36995 5.18360 1.14289 -0.46187 0.000
5348492 787 1503.53997 1067.53409 138.00000 5.45120 5.09971 1.10617 -0.38946 0.000
5348559 787 1503.07799 1067.83007 139.00000 5.59242 4.62909 1.10387 -0.61694 0.000
5348626 787 1502.62155 1068.13398 140.00000 5.70120 4.96023 1.16219 -0.73945 0.000
5348692 787 1502.19199 1068.39986 141.00000 5.71657 5.00609 1.22606 -0.77427 0.000
5348759 787 1501.80330 1068.68235 142.00000 5.70119 4.97940 1.20449 -0.73078 0.000
5348825 787 1501.44852 1068.98189 143.00000 5.63794 4.95623 1.13770 -0.58958 0.000
5348892 787 1501.13365 1069.33196 144.00000 5.50517 4.99463 1.00486 -0.32435 0.000
5348959 787 1500.76351 1069.64472 145.00000 5.55116 4.97184 0.82489 -0.25058 0.000
5349025 787 1500.35821 1069.90071 146.00000 5.59648 4.86864 0.70851 -0.27989 0.000
5349091 787 1499.92708 1070.15666 147.00000 5.69218 4.77884 0.63651 -0.34412 0.000
5349157 787 1499.41275 1070.39421 148.00000 5.92756 4.10051 0.65869 -0.74994 0.000
5349224 787 1498.90975 1070.64145 149.00000 6.04445 4.15008 0.77591 -1.15680 0.000
5349291 787 1498.37975 1070.88959 150.00000 6.22352 4.19803 0.89773 -1.41411 0.000
5349357 787 1497.85370 1071.11568 151.00000 6.38011 4.21266 1.03876 -1.53339 0.000
5349424 787 1497.26644 1071.29280 152.00000 6.60963 3.74440 1.19999 -1.63639 0.000
5349490 787 1496.68559 1071.52417 153.00000 6.80069 3.49643 1.33379 -1.69931 0.000
5349557 787 1496.11367 1071.77059 156.00000 7.14640 3.56522 1.50841 -1.77682 0.000
5349624 787 1495.54928 1072.01481 157.00000 7.33833 3.71096 1.71128 -1.79054 0.000
5349690 787 1495.11104 1072.31231 159.00000 7.21413 3.93104 1.81101 -1.64176 0.000