5340246 1515.547137 1021.381896 -0.462245 -1.291369 1.889186 0 90.675660 0 1 1 1 48.984264 -39.161110 -1.373399 1.298214 1.889186 0 89
5340379 1515.722893 1021.626860 -0.598302 -3.760499 -6.142377 0 86.687493 0 1 1 8 48.233692 -38.929573 -1.373399 3.767421 -6.142377 0 85
5340445 1516.770615 1020.942440 -0.644102 -3.516061 -7.649706 0 83.695054 0 1 1 8 48.793552 -39.650177 -1.373399 3.523020 -7.649706 0 82
5340511 1517.499445 1020.736230 -0.692039 -3.343478 -7.124024 0 84.717235 0 1 1 8 49.035877 -39.895393 -1.373399 3.350472 -7.124024 0 83
5340578 1518.442668 1020.307626 -0.719566 -2.059160 -7.101164 0 85.723004 0 1 1 9 49.488560 -40.356384 -1.373399 2.066186 -7.101164 0 84
5340645 1518.825011 1020.700866 -0.751860 -1.887232 -5.177989 0 85.719414 0 1 1 9 49.410694 -39.971470 -1.373399 1.894289 -5.177989 0 84
5340711 1518.979343 1021.024291 -0.776624 -1.854970 2.081653 0 86.719794 0 1 1 9 49.105297 -39.653507 -1.373399 1.862051 2.081653 0 85
5340778 1519.433115 1020.796013 -0.798257 -1.513334 3.584430 0 87.724962 0 1 1 9 49.072247 -39.899883 -1.373399 1.520428 3.584430 0 86
5340844 1519.808700 1020.883183 -0.832197 -1.520833 0.835521 0 86.732647 0 1 1 9 48.976025 -39.830482 -1.373399 1.527933 0.835521 0 85
5340911 1520.328562 1020.632762 -0.875855 -1.077130 0.015338 0 86.738879 0 1 1 9 49.008129 -40.101681 -1.373399 1.084227 0.015338 0 85
5340978 1520.942845 1020.418712 -0.899519 -0.579276 -0.291781 0 86.730731 0 1 1 9 49.146877 -40.327335 -1.373399 0.586365 -0.291781 0 85
5341044 1521.514879 1020.494808 -0.914853 -0.452387 -0.303866 0 86.713178 0 1 1 9 49.266758 -40.253597 -1.373399 0.459466 -0.303866 0 85
5341110 1521.673114 1021.139987 -0.930076 -1.150952 2.743858 0 86.687698 0 1 1 9 48.996952 -39.591267 -1.373399 1.158017 2.743858 0 85
5341243 1521.577046 1022.265363 -1.020393 -2.573857 11.012461 0 86.643363 0 1 1 9 48.030476 -38.425766 -1.373399 2.580884 11.012461 0 85
5341310 1521.440097 1022.733125 -1.074988 -3.160760 10.182244 0 88.624791 0 1 1 8 47.452129 -37.939316 -1.373399 3.167759 10.182244 0 87
5341376 1521.488378 1022.792250 -1.122921 -3.071165 9.089300 0 89.609181 0 1 1 8 47.055882 -37.869324 -1.373399 3.078125 9.089300 0 88
5341443 1521.545403 1023.140157 -1.180045 -3.563232 8.360744 0 89.595575 0 1 1 8 46.671764 -37.512539 -1.373399 3.570143 8.360744 0 88
5341509 1521.349840 1023.853278 -1.258655 -4.668206 6.789083 0 87.586139 0 1 1 8 46.058491 -36.786221 -1.373399 4.675036 6.789083 0 86
5341576 1521.086013 1024.227514 -1.308333 -5.129346 7.447507 0 88.564516 0 1 1 8 45.376331 -36.387604 -1.373399 5.136075 7.447507 0 87
5341909 1520.643183 1026.488545 -1.338410 -5.490689 7.027900 0 88.468380 0 1 1 8 43.010761 -34.046150 -1.373399 5.496646 7.027900 0 87
5341976 1520.719628 1026.874659 -1.365960 -5.513288 7.153153 0 90.471354 0 1 1 8 42.720257 -33.664753 -1.373399 5.519070 7.153153 0 89
5342042 1520.761647 1027.214508 -1.403599 -5.156267 6.672818 0 90.477436 0 1 1 8 42.406574 -33.330677 -1.373399 5.161877 6.672818 0 89
5342108 1520.545752 1027.991861 -1.448231 -5.442561 6.913385 0 90.479813 0 1 1 8 41.864315 -32.549553 -1.373399 5.447995 6.913385 0 89
5342174 1520.430499 1028.414364 -1.447533 -5.264164 7.986020 0 90.480423 0 1 1 8 41.423817 -32.124947 -1.373399 5.269426 7.986020 0 89
5342241 1520.638977 1028.553003 -1.418024 -4.773471 7.373415 0 89.479138 0 1 1 8 41.303822 -31.991526 -1.373399 4.778563 7.373415 0 88
5342308 1520.577465 1029.258363 -1.408368 -5.043279 6.924605 0 89.470543 0 1 1 8 40.948750 -31.279474 -1.373399 5.048203 6.924605 0 88
5342374 1520.487087 1029.728932 -1.390443 -4.973216 6.948043 0 89.465124 0 1 1 8 40.570576 -30.803488 -1.373399 4.977975 6.948043 0 88
5342441 1520.279951 1030.507003 -1.377108 -5.445292 10.018134 0 89.462720 0 1 1 8 40.085140 -30.018925 -1.373399 5.449888 10.018134 0 88
5342507 1519.669774 1031.888805 -1.390897 -6.688913 12.834035 0 89.470240 0 1 1 8 39.224300 -28.626287 -1.373399 6.693365 12.834035 0 88
5342574 1518.878927 1032.988963 -1.392463 -8.259824 16.387085 0 89.462749 0 1 1 8 38.184361 -27.500324 -1.373399 8.264149 16.387085 0 88
5342641 1518.109071 1033.945139 -1.388476 -10.335513 17.154900 0 89.444526 0 1 1 8 37.171291 -26.512159 -1.373399 10.339724 17.154900 0 88
5342906 1518.696275 1033.835842 -1.352609 -7.531865 7.772727 0 89.401300 0 1 1 8 36.743023 -26.610027 -1.373399 7.535723 7.772727 0 88
5343039 1519.729575 1034.035576 -1.311401 -4.561602 2.257078 0 89.405514 0 1 1 8 37.291622 -26.438894 -1.373399 4.565299 2.257078 0 88
5343106 1520.003778 1034.499246 -1.266565 -3.486632 3.369986 0 89.408605 0 1 1 8 37.340267 -25.984602 -1.373399 3.490249 3.369986 0 88
5343172 1520.352421 1034.769020 -1.233843 -2.544134 5.962780 0 89.401052 0 1 1 9 37.472363 -25.719275 -1.373399 2.547664 5.962780 0 88
5343239 1520.312986 1035.363054 -1.219701 -2.719342 6.710582 0 89.385634 0 1 1 9 37.229488 -25.115240 -1.373399 2.722779 6.710582 0 88
5343306 1520.257006 1035.772567 -1.256172 -2.607016 6.414041 0 89.395980 0 1 1 9 36.964703 -24.710382 -1.373399 2.610346 6.414041 0 88
5343372 1520.249792 1036.181880 -1.305519 -2.436330 6.243834 0 89.400191 0 1 1 9 36.761494 -24.302584 -1.373399 2.439548 6.243834 0 88
5343438 1520.312325 1036.573378 -1.364553 -2.415761 5.709369 0 90.399264 0 1 1 9 36.635929 -23.910776 -1.373399 2.418861 5.709369 0 89
5343504 1520.205714 1037.211056 -1.398606 -2.642850 5.922929 0 90.392562 0 1 1 9 36.361942 -23.265696 -1.373399 2.645822 5.922929 0 89
5343571 1520.258170 1037.483979 -1.411728 -2.359860 5.819405 0 91.389251 0 1 1 9 36.240292 -22.991835 -1.373399 2.362705 5.819405 0 90
5343638 1520.235102 1038.044188 -1.415181 -2.451881 6.119953 0 92.389075 0 1 1 9 36.055210 -22.431299 -1.373399 2.454599 6.119953 0 91
5343704 1520.216632 1038.451248 -1.415938 -2.391393 5.853934 0 92.387327 0 1 1 9 35.886326 -22.023043 -1.373399 2.393986 5.853934 0 91
5343771 1520.090304 1039.058677 -1.425476 -2.641027 6.757864 0 92.384992 0 1 1 9 35.619144 -21.411310 -1.373399 2.643493 6.757864 0 91
5343837 1519.939646 1039.621184 -1.439205 -2.856345 7.564651 0 92.382139 0 1 1 9 35.335430 -20.843460 -1.373399 2.858683 7.564651 0 91
5343904 1519.779863 1040.055307 -1.463130 -2.945866 7.718608 0 93.375887 0 1 1 9 35.051746 -20.401976 -1.373399 2.948071 7.718608 0 92
5343971 1519.670336 1040.386411 -1.483612 -2.865267 6.566656 0 93.373160 0 1 1 9 34.821667 -20.067060 -1.373399 2.867337 6.566656 0 92
5344037 1519.513471 1040.938164 -1.505567 -3.072172 6.033801 0 93.373554 0 1 1 8 34.557095 -19.512434 -1.373399 3.074108 6.033801 0 92
5344103 1519.270724 1041.546915 -1.516144 -3.373508 7.253833 0 93.368249 0 1 1 8 34.223804 -18.895502 -1.373399 3.375304 7.253833 0 92
5344169 1519.054954 1042.015764 -1.520624 -3.415912 8.248785 0 93.363846 0 1 1 8 33.920719 -18.419645 -1.373399 3.417568 8.248785 0 92
5344236 1518.789779 1042.569031 -1.522440 -3.609918 8.335565 0 94.360302 0 1 1 8 33.575504 -17.858709 -1.373399 3.611432 8.335565 0 93
5344303 1518.596159 1042.972674 -1.526212 -3.520456 7.847067 0 94.361883 0 1 1 8 33.310440 -17.451456 -1.373399 3.521831 7.847067 0 93
5344369 1518.443470 1043.416337 -1.530718 -3.448041 7.419865 0 95.361966 0 1 1 8 33.096031 -17.004086 -1.373399 3.449278 7.419865 0 94
5344436 1518.355522 1043.798006 -1.533936 -3.208015 6.492108 0 95.360554 0 1 1 8 32.951405 -16.619183 -1.373399 3.209112 6.492108 0 94
5344502 1518.191688 1044.333580 -1.534791 -3.290768 6.684079 0 95.358837 0 1 1 8 32.748920 -16.078417 -1.373399 3.291726 6.684079 0 94
5344569 1518.097223 1044.699178 -1.536157 -2.971283 6.533775 0 96.359442 0 1 1 9 32.616795 -15.710693 -1.373399 2.972106 6.533775 0 95
5344636 1518.186223 1044.982065 -1.541360 -2.409884 6.238157 0 96.362469 0 1 1 9 32.672199 -15.431519 -1.373399 2.410573 6.238157 0 95
5344702 1518.280391 1045.281615 -1.538521 -2.007586 5.233897 0 96.358178 0 1 1 9 32.747654 -15.131878 -1.373399 2.008150 5.233897 0 95
5344768 1518.330956 1045.702518 -1.536576 -1.842386 5.183360 0 96.353741 0 1 1 9 32.787407 -14.709773 -1.373399 1.842831 5.183360 0 95
5344834 1518.359133 1046.085640 -1.532373 -1.658605 5.382623 0 97.349147 0 1 1 9 32.809166 -14.324837 -1.373399 1.658937 5.382623 0 96
5344901 1518.421958 1046.477428 -1.527115 -1.395434 5.451540 0 97.351357 0 1 1 9 32.872459 -13.935849 -1.373399 1.395670 5.451540 0 96
5344968 1518.450908 1046.911797 -1.521403 -1.258321 5.553678 0 97.352919 0 1 1 9 32.906834 -13.503210 -1.373399 1.258469 5.553678 0 96
5345034 1518.411821 1047.405071 -1.515526 -1.295845 6.129630 0 97.353534 0 1 1 9 32.878651 -13.009615 -1.373399 1.295913 6.129630 0 96
5345101 1518.380271 1047.852718 -1.481491 -1.197031 6.826005 0 98.351529 0 1 1 9 32.860947 -12.560518 -1.373399 1.197046 6.826005 0 97
5345167 1518.330708 1048.337769 -1.441217 -1.242510 6.888170 0 99.352161 0 1 1 9 32.824684 -12.075102 -1.373399 1.242533 6.888170 0 98
5345234 1518.434806 1048.651270 -1.389797 -0.709598 6.717237 0 100.355888 0 1 1 9 32.936348 -11.766623 -1.373399 0.709629 6.717237 0 99
5345301 1518.469016 1049.138637 -1.373462 -0.735728 6.605987 0 101.353591 0 1 1 9 32.981575 -11.279190 -1.373399 0.735743 6.605987 0 100
5345367 1518.350590 1049.650428 -1.383662 -1.046082 6.535184 0 102.352078 0 1 1 9 32.874744 -10.764042 -1.373399 1.046091 6.535184 0 101
5345433 1518.274039 1050.057646 -1.420145 -0.947823 6.398534 0 102.351618 0 1 1 9 32.807327 -10.354910 -1.373399 0.947839 6.398534 0 101
5345499 1518.161771 1050.518811 -1.460235 -1.162922 6.353941 0 103.354416 0 1 1 9 32.705742 -9.892645 -1.373399 1.162935 6.353941 0 102
5345566 1517.930153 1050.962897 -1.485633 -1.518816 6.321841 0 104.355545 0 1 1 9 32.484718 -9.443723 -1.373399 1.518824 6.321841 0 103
5345633 1517.649504 1051.453159 -1.494429 -1.763833 6.367691 0 105.354358 0 1 1 9 32.216019 -8.946232 -1.373399 1.763836 6.367691 0 104
5345699 1517.607693 1051.886800 -1.492255 -1.374979 6.730550 0 106.355262 0 1 1 9 32.184303 -8.512214 -1.373399 1.374986 6.730550 0 105
5345766 1517.631158 1052.303576 -1.493905 -1.100030 6.723821 0 107.355380 0 1 1 9 32.217716 -8.096178 -1.373399 1.100038 6.723821 0 106
5345832 1517.588519 1052.764685 -1.501722 -1.140986 6.675056 0 108.354402 0 1 1 9 32.186428 -7.633651 -1.373399 1.140989 6.675056 0 107
5345899 1517.448731 1053.239640 -1.513187 -1.271038 6.636714 0 110.352843 0 1 1 9 32.058224 -7.154425 -1.373399 1.271042 6.636714 0 109
5345966 1517.324490 1053.673722 -1.525318 -1.330410 6.571898 0 111.353334 0 1 1 9 31.944254 -6.717453 -1.373399 1.330416 6.571898 0 110
5346032 1517.133397 1054.136411 -1.538857 -1.555351 6.561337 0 112.356352 0 1 1 9 31.763783 -6.251561 -1.373399 1.555356 6.561337 0 111
5346099 1516.610506 1054.664958 -1.548382 -2.474017 6.652945 0 113.355194 0 1 1 9 31.253805 -5.709845 -1.373399 2.474020 6.652945 0 112
5346165 1516.192012 1055.097431 -1.554054 -2.749348 7.148664 0 113.354484 0 1 1 9 30.845867 -5.267024 -1.373399 2.749352 7.148664 0 112
5346232 1515.617467 1055.566435 -1.556924 -3.455450 7.199227 0 115.354663 0 1 1 8 30.282715 -4.784564 -1.373399 3.455454 7.199227 0 114
5346299 1515.011509 1056.022133 -1.560328 -4.693764 7.127795 0 116.354792 0 1 1 8 29.687643 -4.314763 -1.373399 4.693766 7.127795 0 115
5346365 1514.397846 1056.452344 -1.564737 -5.845096 7.009924 0 116.354345 0 1 1 8 29.084278 -3.869925 -1.373399 5.845098 7.009924 0 115
5346431 1513.869973 1056.791189 -1.569379 -6.439296 6.808947 0 117.353168 0 1 1 8 28.564528 -3.518062 -1.373399 6.439298 6.808947 0 116
5346497 1513.477656 1057.136507 -1.575326 -6.223682 6.181098 0 117.354214 0 1 1 8 28.180435 -3.163784 -1.373399 6.223684 6.181098 0 116
5346564 1513.149594 1057.498974 -1.581357 -5.693151 5.605978 0 118.354746 0 1 1 8 27.861038 -2.793654 -1.373399 5.693153 5.605978 0 117
5346631 1513.002266 1057.918614 -1.588687 -4.893003 5.693486 0 121.354285 0 1 1 8 27.723740 -2.370235 -1.373399 4.893005 5.693486 0 120
5346697 1512.740813 1058.316319 -1.595525 -4.584121 5.786316 0 122.353932 0 1 1 8 27.471727 -1.966185 -1.373399 4.584123 5.786316 0 121
5346764 1512.470902 1058.701429 -1.602356 -4.246871 5.883055 0 122.354292 0 1 1 8 27.210955 -1.574864 -1.373399 4.246873 5.883055 0 121
5346830 1512.305242 1059.098362 -1.610326 -3.876793 5.988327 0 122.355620 0 1 1 8 27.054708 -1.174621 -1.373399 3.876794 5.988327 0 121
5346897 1512.176997 1059.501368 -1.617333 -3.444852 6.078812 0 123.353704 0 1 1 8 26.936188 -0.767596 -1.373399 3.444853 6.078812 0 122
5346964 1511.835796 1059.886359 -1.622588 -3.692633 6.130155 0 122.352885 0 1 1 8 26.604322 -0.374102 -1.373399 3.692634 6.130155 0 121
5347030 1511.379934 1060.225019 -1.626209 -4.028403 6.100190 0 122.354025 0 1 1 8 26.156723 -0.025176 -1.373399 4.028405 6.100190 0 121
5347096 1510.965278 1060.583652 -1.631581 -4.170037 6.082933 0 123.353730 0 1 1 8 25.750759 0.343282 -1.373399 4.170038 6.082933 0 122
5347162 1510.595617 1060.915925 -1.636774 -4.223329 5.803675 0 124.353637 0 1 1 8 25.389149 0.684231 -1.373399 4.223330 5.803675 0 123
5347229 1510.224978 1061.260678 -1.642219 -4.298810 5.621355 0 124.354083 0 1 1 8 25.026869 1.037477 -1.373399 4.298811 5.621355 0 123
5347296 1510.013129 1061.633993 -1.648029 -4.034527 5.628109 0 125.355293 0 1 1 8 24.824060 1.415298 -1.373399 4.034528 5.628109 0 124
5347362 1509.890177 1062.007348 -1.654599 -3.713247 5.680298 0 126.355577 0 1 1 8 24.710121 1.791438 -1.373399 3.713248 5.680298 0 125
5347429 1509.732231 1062.400084 -1.661898 -3.544842 5.759988 0 128.354312 0 1 1 8 24.561617 2.188396 -1.373399 3.544843 5.759988 0 127
5347495 1509.439733 1062.759955 -1.667809 -3.755473 5.792768 0 130.354287 0 1 1 8 24.277792 2.555105 -1.373399 3.755475 5.792768 0 129
5347562 1509.081267 1063.062825 -1.672208 -3.956594 5.734985 0 131.354120 0 1 1 8 23.926666 2.866441 -1.373399 3.956595 5.734985 0 130
5347562 1509.081267 1063.062825 -1.672208 -3.956594 5.734985 0 131.354120 0 1 1 8 23.926666 2.866441 -1.373399 3.956595 5.734985 0 130
5347629 1508.825236 1063.416686 -1.678300 -3.906807 5.725269 0 131.353498 0 1 1 8 23.679159 3.226546 -1.373399 3.906809 5.725269 0 130
5347695 1508.340531 1063.726892 -1.681628 -4.360269 5.472385 0 133.354692 0 1 1 8 23.202110 3.547682 -1.373399 4.360271 5.472385 0 132
5347761 1508.029772 1064.145882 -1.688053 -4.251499 5.730487 0 133.355286 0 1 1 8 22.901505 3.973744 -1.373399 4.251501 5.730487 0 132
5347827 1507.652990 1064.464609 -1.691955 -4.436199 5.742879 0 134.354450 0 1 1 8 22.532377 4.301690 -1.373399 4.436200 5.742879 0 133
5347894 1507.202552 1064.753421 -1.695511 -4.692248 5.662639 0 134.353145 0 1 1 8 22.088829 4.601629 -1.373399 4.692248 5.662639 0 133
5347961 1506.774039 1065.072233 -1.699887 -4.799889 5.224671 0 134.352664 0 1 1 8 21.667976 4.930717 -1.373399 4.799890 5.224671 0 133
5348027 1506.403264 1065.392576 -1.704549 -4.856953 5.126747 0 134.353768 0 1 1 8 21.305038 5.259374 -1.373399 4.856955 5.126747 0 133
5348094 1505.990603 1065.711014 -1.708290 -4.971014 5.138370 0 135.353239 0 1 1 8 20.900072 5.587726 -1.373399 4.971016 5.138370 0 134
5348160 1505.539146 1065.994752 -1.711300 -5.162139 5.138095 0 136.352486 0 1 1 8 20.455469 5.882380 -1.373399 5.162141 5.138095 0 135
5348227 1505.081735 1066.304038 -1.715326 -5.310433 5.160722 0 136.351761 0 1 1 8 20.005508 6.202720 -1.373399 5.310434 5.160722 0 135
5348294 1504.748898 1066.681753 -1.721470 -5.200139 5.261813 0 137.351668 0 1 1 8 19.681742 6.588305 -1.373399 5.200140 5.261813 0 136
5348360 1504.420130 1067.022042 -1.726955 -5.156414 5.292402 0 137.351710 0 1 1 8 19.361170 6.936310 -1.373399 5.156415 5.292402 0 136
5348426 1503.968356 1067.271961 -1.730003 -5.369946 5.183595 0 138.351816 0 1 1 8 18.915495 7.196817 -1.373399 5.369947 5.183595 0 137
5348492 1503.539970 1067.534085 -1.732858 -5.451201 5.099709 0 139.353208 0 1 1 8 18.493673 7.468631 -1.373399 5.451201 5.099709 0 138
5348559 1503.077987 1067.830069 -1.736426 -5.592418 4.629087 0 140.354415 0 1 1 8 18.039055 7.775189 -1.373399 5.592419 4.629087 0 139
5348626 1502.621548 1068.133984 -1.740822 -5.701195 4.960230 0 141.354668 0 1 1 8 17.590034 8.089851 -1.373399 5.701196 4.960230 0 140
5348692 1502.191995 1068.399856 -1.743609 -5.716570 5.006094 0 142.354497 0 1 1 8 17.166910 8.365976 -1.373399 5.716571 5.006094 0 141
5348759 1501.803296 1068.682352 -1.746727 -5.701189 4.979400 0 143.354268 0 1 1 8 16.785017 8.657782 -1.373399 5.701190 4.979400 0 142
5348825 1501.448517 1068.981893 -1.750188 -5.637939 4.956226 0 144.354081 0 1 1 8 16.437452 8.965828 -1.373399 5.637940 4.956226 0 143
5348892 1501.133651 1069.331958 -1.755815 -5.505165 4.994631 0 145.353663 0 1 1 8 16.130924 9.323622 -1.373399 5.505167 4.994631 0 144
5348959 1500.763512 1069.644722 -1.760409 -5.551153 4.971843 0 146.353387 0 1 1 8 15.768279 9.645412 -1.373399 5.551156 4.971843 0 145
5349025 1500.358206 1069.900712 -1.763428 -5.596478 4.868635 0 147.353466 0 1 1 8 15.369209 9.911186 -1.373399 5.596481 4.868635 0 146
5349091 1499.927077 1070.156657 -1.766489 -5.692173 4.778837 0 148.353093 0 1 1 8 14.944259 10.177606 -1.373399 5.692177 4.778837 0 147
5349157 1499.412754 1070.394208 -1.768587 -5.927556 4.100514 0 149.352668 0 1 1 8 14.435669 10.427561 -1.373399 5.927559 4.100514 0 148
5349224 1498.909754 1070.641449 -1.770605 -6.044452 4.150085 0 150.352322 0 1 1 8 13.938595 10.686834 -1.373399 6.044454 4.150085 0 149
5349291 1498.379746 1070.889594 -1.773146 -6.223517 4.198030 0 151.351851 0 1 1 8 13.414520 10.947701 -1.373399 6.223519 4.198030 0 150
5349357 1497.853702 1071.115685 -1.775086 -6.380110 4.212658 0 152.351430 0 1 1 8 12.893887 11.186374 -1.373399 6.380111 4.212658 0 151
5349424 1497.266441 1071.292800 -1.775002 -6.609634 3.744403 0 153.351158 0 1 1 8 12.310902 11.377405 -1.373399 6.609635 3.744403 0 152
5349490 1496.685593 1071.524173 -1.776949 -6.800691 3.496428 0 154.351798 0 1 1 8 11.735819 11.622313 -1.373399 6.800692 3.496428 0 153
5349557 1496.113665 1071.770595 -1.779063 -7.146400 3.565224 0 157.352319 0 1 1 8 11.169984 11.882065 -1.373399 7.146400 3.565224 0 156
5349624 1495.549277 1072.014809 -1.780288 -7.338323 3.710957 0 158.352057 0 1 1 8 10.611441 12.139536 -1.373399 7.338325 3.710957 0 157
5349690 1495.111038 1072.312310 -1.783840 -7.214124 3.931038 0 160.351537 0 1 1 8 10.180174 12.447365 -1.373399 7.214126 3.931038 0 159