0.000000 0.000000 1.248357
0.100000 -0.099990 0.885868
0.200000 -0.199920 1.243844
0.300000 -0.299730 1.656515
0.400000 -0.399360 0.762923
0.500000 -0.498750 0.757932
0.600000 -0.597840 1.669606
0.700000 -0.696570 1.278717
0.800000 -0.794880 0.685263
0.900000 -0.892710 1.226280
1.000000 -0.990000 0.768291
1.100000 -1.086690 0.822135
1.200000 -1.182720 1.240981
1.300000 -1.278030 0.238360
1.400000 -1.372560 0.417541
1.500000 -1.466250 1.093856
1.600000 -1.559040 0.973584
1.700000 -1.650870 1.752124
1.800000 -1.741680 1.265988
1.900000 -1.831410 1.148848
2.000000 -1.920000 2.732824
2.100000 -2.007390 2.042112
2.200000 -2.093520 2.353764
2.300000 -2.178330 1.782626
2.400000 -2.261760 2.407809
2.500000 -2.343750 2.930461
2.600000 -2.424240 2.504503
2.700000 -2.503170 3.482849
2.800000 -2.580480 3.219681
2.900000 -2.656110 3.609153
3.000000 -2.730000 3.699147
3.100000 -2.802090 5.181139
3.200000 -2.872320 4.513251
3.300000 -2.940630 4.266145
3.400000 -3.006960 5.491272
3.500000 -3.071250 4.764578
3.600000 -3.133440 5.784432
3.700000 -3.193470 5.015165
3.800000 -3.251280 5.655907
3.900000 -3.306810 6.753431
4.000000 -3.360000 7.369233
4.100000 -3.410790 7.440684
4.200000 -3.459120 7.662176
4.300000 -3.504930 7.944448
4.400000 -3.548160 7.740739
4.500000 -3.588750 8.515078
4.600000 -3.626640 9.049681
4.700000 -3.661770 10.223561
4.800000 -3.694080 10.291809
4.900000 -3.723510 9.673480
5.000000 -3.750000 11.162042
5.100000 -3.773490 11.262459
5.200000 -3.793920 11.581539
5.300000 -3.811230 12.700838
5.400000 -3.825360 13.395500
5.500000 -3.836250 13.840640
5.600000 -3.843840 13.460391
5.700000 -3.848070 14.240394
5.800000 -3.848880 15.085632
5.900000 -3.846210 15.942773
6.000000 -3.840000 15.760413
6.100000 -3.830190 16.462171
6.200000 -3.816720 16.566833
6.300000 -3.799530 17.096897
6.400000 -3.778560 18.686263
6.500000 -3.753750 19.553120
6.600000 -3.725040 19.443995
6.700000 -3.692370 20.596766
6.800000 -3.655680 20.900818
6.900000 -3.614910 21.032440
7.000000 -3.570000 22.180698
7.100000 -3.520890 23.424018
7.200000 -3.467520 23.302087
7.300000 -3.409830 24.777322
7.400000 -3.347760 23.370127
7.500000 -3.281250 25.785951
7.600000 -3.210240 26.123524
7.700000 -3.134670 26.645496
7.800000 -3.054480 27.565880
7.900000 -2.969610 27.261216
8.000000 -2.880000 28.890164
8.100000 -2.785590 29.933556
8.200000 -2.686320 31.258947
8.300000 -2.582130 31.035865
8.400000 -2.472960 31.675753
8.500000 -2.358750 32.624121
8.600000 -2.239440 34.137701
8.700000 -2.114970 34.659376
8.800000 -1.985280 35.055120
8.900000 -1.850310 36.411634
9.000000 -1.710000 37.048539
9.100000 -1.564290 38.339322
9.200000 -1.413120 38.368973
9.300000 -1.256430 39.431169
9.400000 -1.094160 40.283946
9.500000 -0.926250 40.643243
9.600000 -0.752640 42.428060
9.700000 -0.573270 43.325528
9.800000 -0.388080 44.122557
9.900000 -0.197010 44.937706
10.000000 0.000000 45.292315
