0.000000 -0.000011 1.237387
0.100000 -0.100000 1.157005
0.200000 -0.199929 1.088377
0.300000 -0.299738 1.031467
0.400000 -0.399367 0.986241
0.500000 -0.498756 0.952663
0.600000 -0.597845 0.930698
0.700000 -0.696574 0.920311
0.800000 -0.794883 0.921468
0.900000 -0.892712 0.934132
1.000000 -0.990001 0.958269
1.100000 -1.086691 0.993843
1.200000 -1.182720 1.040820
1.300000 -1.278029 1.099164
1.400000 -1.372559 1.168841
1.500000 -1.466248 1.249814
1.600000 -1.559038 1.342049
1.700000 -1.650867 1.445511
1.800000 -1.741677 1.560165
1.900000 -1.831407 1.685975
2.000000 -1.919996 1.822906
2.100000 -2.007386 1.970923
2.200000 -2.093516 2.129992
2.300000 -2.178326 2.300076
2.400000 -2.261756 2.481141
2.500000 -2.343745 2.673152
2.600000 -2.424235 2.876073
2.700000 -2.503165 3.089870
2.800000 -2.580475 3.314507
2.900000 -2.656105 3.549948
3.000000 -2.729995 3.796160
3.100000 -2.802085 4.053107
3.200000 -2.872315 4.320753
3.300000 -2.940625 4.599064
3.400000 -3.006955 4.888004
3.500000 -3.071246 5.187538
3.600000 -3.133436 5.497632
3.700000 -3.193466 5.818249
3.800000 -3.251276 6.149356
3.900000 -3.306806 6.490916
4.000000 -3.359996 6.842894
4.100000 -3.410787 7.205256
4.200000 -3.459117 7.577966
4.300000 -3.504927 7.960990
4.400000 -3.548157 8.354291
4.500000 -3.588748 8.757835
4.600000 -3.626638 9.171587
4.700000 -3.661768 9.595512
4.800000 -3.694079 10.029574
4.900000 -3.723509 10.473738
5.000000 -3.749999 10.927970
5.100000 -3.773490 11.392233
5.200000 -3.793920 11.866493
5.300000 -3.811230 12.350716
5.400000 -3.825360 12.844864
5.500000 -3.836251 13.348905
5.600000 -3.843841 13.862801
5.700000 -3.848071 14.386519
5.800000 -3.848882 14.920023
5.900000 -3.846212 15.463278
6.000000 -3.840002 16.016248
6.100000 -3.830192 16.578900
6.200000 -3.816723 17.151196
6.300000 -3.799533 17.733103
6.400000 -3.778563 18.324586
6.500000 -3.753753 18.925608
6.600000 -3.725043 19.536136
6.700000 -3.692374 20.156133
6.800000 -3.655684 20.785565
6.900000 -3.614914 21.424396
7.000000 -3.570004 22.072592
7.100000 -3.520894 22.730117
7.200000 -3.467524 23.396937
7.300000 -3.409834 24.073015
7.400000 -3.347764 24.758317
7.500000 -3.281254 25.452808
7.600000 -3.210244 26.156453
7.700000 -3.134674 26.869216
7.800000 -3.054484 27.591062
7.900000 -2.969614 28.321956
8.000000 -2.880004 29.061864
8.100000 -2.785594 29.810749
8.200000 -2.686323 30.568577
8.300000 -2.582133 31.335313
8.400000 -2.472963 32.110921
8.500000 -2.358752 32.895366
8.600000 -2.239442 33.688614
8.700000 -2.114972 34.490629
8.800000 -1.985281 35.301376
8.900000 -1.850311 36.120819
9.000000 -1.710000 36.948924
9.100000 -1.564289 37.785656
9.200000 -1.413119 38.630979
9.300000 -1.256428 39.484858
9.400000 -1.094157 40.347258
9.500000 -0.926247 41.218145
9.600000 -0.752636 42.097482
9.700000 -0.573265 42.985235
9.800000 -0.388074 43.881368
9.900000 -0.197003 44.785847
10.000000 0.000008 45.698636
